/*--------------------------------*- C++ -*----------------------------------*\
| =========                 |                                                 |
| \\      /  F ield         | OpenFOAM: The Open Source CFD Toolbox           |
|  \\    /   O peration     | Version:  4.1                                   |
|   \\  /    A nd           | Web:      www.OpenFOAM.org                      |
|    \\/     M anipulation  |                                                 |
\*---------------------------------------------------------------------------*/
FoamFile
{
    version     2.0;
    format      ascii;
    class       volScalarField;
    location    "0.05";
    object      p;
}
// * * * * * * * * * * * * * * * * * * * * * * * * * * * * * * * * * * * * * //

dimensions      [0 2 -2 0 0 0 0];

internalField   nonuniform List<scalar> 
400
(
0.317253
0.334363
0.352149
0.370286
0.388286
0.405475
0.421001
0.433891
0.443174
0.448044
0.448044
0.443174
0.433891
0.421001
0.405475
0.388286
0.370286
0.352149
0.334363
0.317253
0.334363
0.354577
0.376005
0.398329
0.421001
0.443174
0.463678
0.481072
0.493818
0.500583
0.500583
0.493818
0.481072
0.463678
0.443174
0.421001
0.398329
0.376005
0.354577
0.334363
0.352149
0.376005
0.401854
0.429464
0.458286
0.48732
0.514991
0.539144
0.557271
0.567049
0.567049
0.557271
0.539144
0.514991
0.48732
0.458286
0.429464
0.401854
0.376005
0.352149
0.370286
0.398329
0.429464
0.463678
0.500583
0.539144
0.57736
0.612032
0.638947
0.653808
0.653808
0.638947
0.612032
0.57736
0.539144
0.500583
0.463678
0.429464
0.398329
0.370286
0.388286
0.421001
0.458286
0.500583
0.547983
0.59979
0.653808
0.705502
0.747658
0.771782
0.771782
0.747658
0.705502
0.653808
0.59979
0.547983
0.500583
0.458286
0.421001
0.388286
0.405475
0.443174
0.48732
0.539144
0.59979
0.669757
0.747658
0.827984
0.898573
0.941386
0.941386
0.898573
0.827984
0.747658
0.669757
0.59979
0.539144
0.48732
0.443174
0.405475
0.421001
0.463678
0.514991
0.57736
0.653808
0.747658
0.861116
0.990966
1.11934
1.20556
1.20556
1.11934
0.990966
0.861116
0.747658
0.653808
0.57736
0.514991
0.463678
0.421001
0.433891
0.481072
0.539144
0.612032
0.705502
0.827984
0.990966
1.20556
1.46196
1.67181
1.67181
1.46196
1.20556
0.990966
0.827984
0.705502
0.612032
0.539144
0.481072
0.433891
0.443174
0.493818
0.557271
0.638947
0.747658
0.898573
1.11934
1.46196
2.00927
2.69572
2.69572
2.00927
1.46196
1.11934
0.898573
0.747658
0.638947
0.557271
0.493818
0.443174
0.448044
0.500583
0.567049
0.653808
0.771782
0.941386
1.20556
1.67181
2.69572
6.02781
6.02781
2.69572
1.67181
1.20556
0.941386
0.771782
0.653808
0.567049
0.500583
0.448044
0.448044
0.500583
0.567049
0.653808
0.771782
0.941386
1.20556
1.67181
2.69572
6.02781
6.02781
2.69572
1.67181
1.20556
0.941386
0.771782
0.653808
0.567049
0.500583
0.448044
0.443174
0.493818
0.557271
0.638947
0.747658
0.898573
1.11934
1.46196
2.00927
2.69572
2.69572
2.00927
1.46196
1.11934
0.898573
0.747658
0.638947
0.557271
0.493818
0.443174
0.433891
0.481072
0.539144
0.612032
0.705502
0.827984
0.990966
1.20556
1.46196
1.67181
1.67181
1.46196
1.20556
0.990966
0.827984
0.705502
0.612032
0.539144
0.481072
0.433891
0.421001
0.463678
0.514991
0.57736
0.653808
0.747658
0.861116
0.990966
1.11934
1.20556
1.20556
1.11934
0.990966
0.861116
0.747658
0.653808
0.57736
0.514991
0.463678
0.421001
0.405475
0.443174
0.48732
0.539144
0.59979
0.669757
0.747658
0.827984
0.898573
0.941386
0.941386
0.898573
0.827984
0.747658
0.669757
0.59979
0.539144
0.48732
0.443174
0.405475
0.388286
0.421001
0.458286
0.500583
0.547983
0.59979
0.653808
0.705502
0.747658
0.771782
0.771782
0.747658
0.705502
0.653808
0.59979
0.547983
0.500583
0.458286
0.421001
0.388286
0.370286
0.398329
0.429464
0.463678
0.500583
0.539144
0.57736
0.612032
0.638947
0.653808
0.653808
0.638947
0.612032
0.57736
0.539144
0.500583
0.463678
0.429464
0.398329
0.370286
0.352149
0.376005
0.401854
0.429464
0.458286
0.48732
0.514991
0.539144
0.557271
0.567049
0.567049
0.557271
0.539144
0.514991
0.48732
0.458286
0.429464
0.401854
0.376005
0.352149
0.334363
0.354577
0.376005
0.398329
0.421001
0.443174
0.463678
0.481072
0.493818
0.500583
0.500583
0.493818
0.481072
0.463678
0.443174
0.421001
0.398329
0.376005
0.354577
0.334363
0.317253
0.334363
0.352149
0.370286
0.388286
0.405475
0.421001
0.433891
0.443174
0.448044
0.448044
0.443174
0.433891
0.421001
0.405475
0.388286
0.370286
0.352149
0.334363
0.317253
)
;

boundaryField
{
    movingWall
    {
        type            zeroGradient;
    }
    fixedWalls
    {
        type            zeroGradient;
    }
    frontAndBack
    {
        type            empty;
    }
}


// ************************************************************************* //
