/*--------------------------------*- C++ -*----------------------------------*\
| =========                 |                                                 |
| \\      /  F ield         | OpenFOAM: The Open Source CFD Toolbox           |
|  \\    /   O peration     | Version:  4.1                                   |
|   \\  /    A nd           | Web:      www.OpenFOAM.org                      |
|    \\/     M anipulation  |                                                 |
\*---------------------------------------------------------------------------*/
FoamFile
{
    version     2.0;
    format      ascii;
    class       volScalarField;
    location    "0.5";
    object      p;
}
// * * * * * * * * * * * * * * * * * * * * * * * * * * * * * * * * * * * * * //

dimensions      [0 2 -2 0 0 0 0];

internalField   nonuniform List<scalar> 
400
(
5.81654e-16
6.13023e-16
6.45632e-16
6.78884e-16
7.11885e-16
7.434e-16
7.71865e-16
7.95499e-16
8.12517e-16
8.21446e-16
8.21446e-16
8.12517e-16
7.95499e-16
7.71865e-16
7.434e-16
7.11885e-16
6.78884e-16
6.45632e-16
6.13023e-16
5.81654e-16
6.13023e-16
6.50084e-16
6.89369e-16
7.30299e-16
7.71865e-16
8.12517e-16
8.5011e-16
8.82e-16
9.05369e-16
9.17771e-16
9.17771e-16
9.05369e-16
8.82e-16
8.5011e-16
8.12517e-16
7.71865e-16
7.30299e-16
6.89369e-16
6.50084e-16
6.13023e-16
6.45632e-16
6.89369e-16
7.36762e-16
7.87382e-16
8.40225e-16
8.93455e-16
9.44188e-16
9.8847e-16
1.02171e-15
1.03963e-15
1.03963e-15
1.02171e-15
9.8847e-16
9.44188e-16
8.93455e-16
8.40225e-16
7.87382e-16
7.36762e-16
6.89369e-16
6.45632e-16
6.78884e-16
7.30299e-16
7.87382e-16
8.5011e-16
9.17771e-16
9.8847e-16
1.05854e-15
1.1221e-15
1.17145e-15
1.1987e-15
1.1987e-15
1.17145e-15
1.1221e-15
1.05854e-15
9.8847e-16
9.17771e-16
8.5011e-16
7.87382e-16
7.30299e-16
6.78884e-16
7.11885e-16
7.71865e-16
8.40225e-16
9.17771e-16
1.00468e-15
1.09966e-15
1.1987e-15
1.29347e-15
1.37076e-15
1.41499e-15
1.41499e-15
1.37076e-15
1.29347e-15
1.1987e-15
1.09966e-15
1.00468e-15
9.17771e-16
8.40225e-16
7.71865e-16
7.11885e-16
7.434e-16
8.12517e-16
8.93455e-16
9.8847e-16
1.09966e-15
1.22794e-15
1.37076e-15
1.51803e-15
1.64745e-15
1.72594e-15
1.72594e-15
1.64745e-15
1.51803e-15
1.37076e-15
1.22794e-15
1.09966e-15
9.8847e-16
8.93455e-16
8.12517e-16
7.434e-16
7.71865e-16
8.5011e-16
9.44188e-16
1.05854e-15
1.1987e-15
1.37076e-15
1.57878e-15
1.81684e-15
2.0522e-15
2.21029e-15
2.21029e-15
2.0522e-15
1.81684e-15
1.57878e-15
1.37076e-15
1.1987e-15
1.05854e-15
9.44188e-16
8.5011e-16
7.71865e-16
7.95499e-16
8.82e-16
9.8847e-16
1.1221e-15
1.29347e-15
1.51803e-15
1.81684e-15
2.21029e-15
2.68037e-15
3.06512e-15
3.06512e-15
2.68037e-15
2.21029e-15
1.81684e-15
1.51803e-15
1.29347e-15
1.1221e-15
9.8847e-16
8.82e-16
7.95499e-16
8.12517e-16
9.05369e-16
1.02171e-15
1.17145e-15
1.37076e-15
1.64745e-15
2.0522e-15
2.68037e-15
3.68381e-15
4.94235e-15
4.94235e-15
3.68381e-15
2.68037e-15
2.0522e-15
1.64745e-15
1.37076e-15
1.17145e-15
1.02171e-15
9.05369e-16
8.12517e-16
8.21446e-16
9.17771e-16
1.03963e-15
1.1987e-15
1.41499e-15
1.72594e-15
2.21029e-15
3.06512e-15
4.94235e-15
1.10514e-14
1.10514e-14
4.94235e-15
3.06512e-15
2.21029e-15
1.72594e-15
1.41499e-15
1.1987e-15
1.03963e-15
9.17771e-16
8.21446e-16
8.21446e-16
9.17771e-16
1.03963e-15
1.1987e-15
1.41499e-15
1.72594e-15
2.21029e-15
3.06512e-15
4.94235e-15
1.10514e-14
1.10514e-14
4.94235e-15
3.06512e-15
2.21029e-15
1.72594e-15
1.41499e-15
1.1987e-15
1.03963e-15
9.17771e-16
8.21446e-16
8.12517e-16
9.05369e-16
1.02171e-15
1.17145e-15
1.37076e-15
1.64745e-15
2.0522e-15
2.68037e-15
3.68381e-15
4.94235e-15
4.94235e-15
3.68381e-15
2.68037e-15
2.0522e-15
1.64745e-15
1.37076e-15
1.17145e-15
1.02171e-15
9.05369e-16
8.12517e-16
7.95499e-16
8.82e-16
9.8847e-16
1.1221e-15
1.29347e-15
1.51803e-15
1.81684e-15
2.21029e-15
2.68037e-15
3.06512e-15
3.06512e-15
2.68037e-15
2.21029e-15
1.81684e-15
1.51803e-15
1.29347e-15
1.1221e-15
9.8847e-16
8.82e-16
7.95499e-16
7.71865e-16
8.5011e-16
9.44188e-16
1.05854e-15
1.1987e-15
1.37076e-15
1.57878e-15
1.81684e-15
2.0522e-15
2.21029e-15
2.21029e-15
2.0522e-15
1.81684e-15
1.57878e-15
1.37076e-15
1.1987e-15
1.05854e-15
9.44188e-16
8.5011e-16
7.71865e-16
7.434e-16
8.12517e-16
8.93455e-16
9.8847e-16
1.09966e-15
1.22794e-15
1.37076e-15
1.51803e-15
1.64745e-15
1.72594e-15
1.72594e-15
1.64745e-15
1.51803e-15
1.37076e-15
1.22794e-15
1.09966e-15
9.8847e-16
8.93455e-16
8.12517e-16
7.434e-16
7.11885e-16
7.71865e-16
8.40225e-16
9.17771e-16
1.00468e-15
1.09966e-15
1.1987e-15
1.29347e-15
1.37076e-15
1.41499e-15
1.41499e-15
1.37076e-15
1.29347e-15
1.1987e-15
1.09966e-15
1.00468e-15
9.17771e-16
8.40225e-16
7.71865e-16
7.11885e-16
6.78884e-16
7.30299e-16
7.87382e-16
8.5011e-16
9.17771e-16
9.8847e-16
1.05854e-15
1.1221e-15
1.17145e-15
1.1987e-15
1.1987e-15
1.17145e-15
1.1221e-15
1.05854e-15
9.8847e-16
9.17771e-16
8.5011e-16
7.87382e-16
7.30299e-16
6.78884e-16
6.45632e-16
6.89369e-16
7.36762e-16
7.87382e-16
8.40225e-16
8.93455e-16
9.44188e-16
9.8847e-16
1.02171e-15
1.03963e-15
1.03963e-15
1.02171e-15
9.8847e-16
9.44188e-16
8.93455e-16
8.40225e-16
7.87382e-16
7.36762e-16
6.89369e-16
6.45632e-16
6.13023e-16
6.50084e-16
6.89369e-16
7.30299e-16
7.71865e-16
8.12517e-16
8.5011e-16
8.82e-16
9.05369e-16
9.17771e-16
9.17771e-16
9.05369e-16
8.82e-16
8.5011e-16
8.12517e-16
7.71865e-16
7.30299e-16
6.89369e-16
6.50084e-16
6.13023e-16
5.81654e-16
6.13023e-16
6.45632e-16
6.78884e-16
7.11885e-16
7.434e-16
7.71865e-16
7.95499e-16
8.12517e-16
8.21446e-16
8.21446e-16
8.12517e-16
7.95499e-16
7.71865e-16
7.434e-16
7.11885e-16
6.78884e-16
6.45632e-16
6.13023e-16
5.81654e-16
)
;

boundaryField
{
    movingWall
    {
        type            zeroGradient;
    }
    fixedWalls
    {
        type            zeroGradient;
    }
    frontAndBack
    {
        type            empty;
    }
}


// ************************************************************************* //
