/*--------------------------------*- C++ -*----------------------------------*\
| =========                 |                                                 |
| \\      /  F ield         | OpenFOAM: The Open Source CFD Toolbox           |
|  \\    /   O peration     | Version:  4.1                                   |
|   \\  /    A nd           | Web:      www.OpenFOAM.org                      |
|    \\/     M anipulation  |                                                 |
\*---------------------------------------------------------------------------*/
FoamFile
{
    version     2.0;
    format      ascii;
    class       volScalarField;
    location    "0.15";
    object      p;
}
// * * * * * * * * * * * * * * * * * * * * * * * * * * * * * * * * * * * * * //

dimensions      [0 2 -2 0 0 0 0];

internalField   nonuniform List<scalar> 
400
(
0.83058
0.875373
0.921937
0.96942
1.01654
1.06155
1.10219
1.13594
1.16024
1.17299
1.17299
1.16024
1.13594
1.10219
1.06155
1.01654
0.96942
0.921937
0.875373
0.83058
0.875373
0.928295
0.984393
1.04284
1.10219
1.16024
1.21392
1.25946
1.29283
1.31054
1.31054
1.29283
1.25946
1.21392
1.16024
1.10219
1.04284
0.984393
0.928295
0.875373
0.921937
0.984393
1.05207
1.12435
1.19981
1.27582
1.34826
1.4115
1.45896
1.48455
1.48455
1.45896
1.4115
1.34826
1.27582
1.19981
1.12435
1.05207
0.984393
0.921937
0.96942
1.04284
1.12435
1.21392
1.31054
1.4115
1.51155
1.60232
1.67278
1.71169
1.71169
1.67278
1.60232
1.51155
1.4115
1.31054
1.21392
1.12435
1.04284
0.96942
1.01654
1.10219
1.19981
1.31054
1.43464
1.57027
1.71169
1.84703
1.95739
2.02055
2.02055
1.95739
1.84703
1.71169
1.57027
1.43464
1.31054
1.19981
1.10219
1.01654
1.06155
1.16024
1.27582
1.4115
1.57027
1.75345
1.95739
2.16769
2.3525
2.46458
2.46458
2.3525
2.16769
1.95739
1.75345
1.57027
1.4115
1.27582
1.16024
1.06155
1.10219
1.21392
1.34826
1.51155
1.71169
1.95739
2.25443
2.59438
2.93046
3.1562
3.1562
2.93046
2.59438
2.25443
1.95739
1.71169
1.51155
1.34826
1.21392
1.10219
1.13594
1.25946
1.4115
1.60232
1.84703
2.16769
2.59438
3.1562
3.82746
4.37687
4.37687
3.82746
3.1562
2.59438
2.16769
1.84703
1.60232
1.4115
1.25946
1.13594
1.16024
1.29283
1.45896
1.67278
1.95739
2.3525
2.93046
3.82746
5.26034
7.05749
7.05749
5.26034
3.82746
2.93046
2.3525
1.95739
1.67278
1.45896
1.29283
1.16024
1.17299
1.31054
1.48455
1.71169
2.02055
2.46458
3.1562
4.37687
7.05749
15.781
15.781
7.05749
4.37687
3.1562
2.46458
2.02055
1.71169
1.48455
1.31054
1.17299
1.17299
1.31054
1.48455
1.71169
2.02055
2.46458
3.1562
4.37687
7.05749
15.781
15.781
7.05749
4.37687
3.1562
2.46458
2.02055
1.71169
1.48455
1.31054
1.17299
1.16024
1.29283
1.45896
1.67278
1.95739
2.3525
2.93046
3.82746
5.26034
7.05749
7.05749
5.26034
3.82746
2.93046
2.3525
1.95739
1.67278
1.45896
1.29283
1.16024
1.13594
1.25946
1.4115
1.60232
1.84703
2.16769
2.59438
3.1562
3.82746
4.37687
4.37687
3.82746
3.1562
2.59438
2.16769
1.84703
1.60232
1.4115
1.25946
1.13594
1.10219
1.21392
1.34826
1.51155
1.71169
1.95739
2.25443
2.59438
2.93046
3.1562
3.1562
2.93046
2.59438
2.25443
1.95739
1.71169
1.51155
1.34826
1.21392
1.10219
1.06155
1.16024
1.27582
1.4115
1.57027
1.75345
1.95739
2.16769
2.3525
2.46458
2.46458
2.3525
2.16769
1.95739
1.75345
1.57027
1.4115
1.27582
1.16024
1.06155
1.01654
1.10219
1.19981
1.31054
1.43464
1.57027
1.71169
1.84703
1.95739
2.02055
2.02055
1.95739
1.84703
1.71169
1.57027
1.43464
1.31054
1.19981
1.10219
1.01654
0.96942
1.04284
1.12435
1.21392
1.31054
1.4115
1.51155
1.60232
1.67278
1.71169
1.71169
1.67278
1.60232
1.51155
1.4115
1.31054
1.21392
1.12435
1.04284
0.96942
0.921937
0.984393
1.05207
1.12435
1.19981
1.27582
1.34826
1.4115
1.45896
1.48455
1.48455
1.45896
1.4115
1.34826
1.27582
1.19981
1.12435
1.05207
0.984393
0.921937
0.875373
0.928295
0.984393
1.04284
1.10219
1.16024
1.21392
1.25946
1.29283
1.31054
1.31054
1.29283
1.25946
1.21392
1.16024
1.10219
1.04284
0.984393
0.928295
0.875373
0.83058
0.875373
0.921937
0.96942
1.01654
1.06155
1.10219
1.13594
1.16024
1.17299
1.17299
1.16024
1.13594
1.10219
1.06155
1.01654
0.96942
0.921937
0.875373
0.83058
)
;

boundaryField
{
    movingWall
    {
        type            zeroGradient;
    }
    fixedWalls
    {
        type            zeroGradient;
    }
    frontAndBack
    {
        type            empty;
    }
}


// ************************************************************************* //
