/*--------------------------------*- C++ -*----------------------------------*\
| =========                 |                                                 |
| \\      /  F ield         | OpenFOAM: The Open Source CFD Toolbox           |
|  \\    /   O peration     | Version:  4.1                                   |
|   \\  /    A nd           | Web:      www.OpenFOAM.org                      |
|    \\/     M anipulation  |                                                 |
\*---------------------------------------------------------------------------*/
FoamFile
{
    version     2.0;
    format      ascii;
    class       volScalarField;
    location    "0.25";
    object      p;
}
// * * * * * * * * * * * * * * * * * * * * * * * * * * * * * * * * * * * * * //

dimensions      [0 2 -2 0 0 0 0];

internalField   nonuniform List<scalar> 
400
(
1.02665
1.08202
1.13958
1.19827
1.25652
1.31214
1.36239
1.4041
1.43414
1.4499
1.4499
1.43414
1.4041
1.36239
1.31214
1.25652
1.19827
1.13958
1.08202
1.02665
1.08202
1.14744
1.21678
1.28902
1.36239
1.43414
1.50049
1.55678
1.59803
1.61992
1.61992
1.59803
1.55678
1.50049
1.43414
1.36239
1.28902
1.21678
1.14744
1.08202
1.13958
1.21678
1.30043
1.38977
1.48304
1.577
1.66655
1.74471
1.80337
1.83501
1.83501
1.80337
1.74471
1.66655
1.577
1.48304
1.38977
1.30043
1.21678
1.13958
1.19827
1.28902
1.38977
1.50049
1.61992
1.74471
1.86838
1.98058
2.06768
2.11577
2.11577
2.06768
1.98058
1.86838
1.74471
1.61992
1.50049
1.38977
1.28902
1.19827
1.25652
1.36239
1.48304
1.61992
1.77331
1.94096
2.11577
2.28305
2.41947
2.49754
2.49754
2.41947
2.28305
2.11577
1.94096
1.77331
1.61992
1.48304
1.36239
1.25652
1.31214
1.43414
1.577
1.74471
1.94096
2.16738
2.41947
2.67941
2.90784
3.04639
3.04639
2.90784
2.67941
2.41947
2.16738
1.94096
1.74471
1.577
1.43414
1.31214
1.36239
1.50049
1.66655
1.86838
2.11577
2.41947
2.78663
3.20683
3.62225
3.90128
3.90128
3.62225
3.20683
2.78663
2.41947
2.11577
1.86838
1.66655
1.50049
1.36239
1.4041
1.55678
1.74471
1.98058
2.28305
2.67941
3.20683
3.90128
4.731
5.4101
5.4101
4.731
3.90128
3.20683
2.67941
2.28305
1.98058
1.74471
1.55678
1.4041
1.43414
1.59803
1.80337
2.06768
2.41947
2.90784
3.62225
4.731
6.50214
8.72353
8.72353
6.50214
4.731
3.62225
2.90784
2.41947
2.06768
1.80337
1.59803
1.43414
1.4499
1.61992
1.83501
2.11577
2.49754
3.04639
3.90128
5.4101
8.72353
19.5064
19.5064
8.72353
5.4101
3.90128
3.04639
2.49754
2.11577
1.83501
1.61992
1.4499
1.4499
1.61992
1.83501
2.11577
2.49754
3.04639
3.90128
5.4101
8.72353
19.5064
19.5064
8.72353
5.4101
3.90128
3.04639
2.49754
2.11577
1.83501
1.61992
1.4499
1.43414
1.59803
1.80337
2.06768
2.41947
2.90784
3.62225
4.731
6.50214
8.72353
8.72353
6.50214
4.731
3.62225
2.90784
2.41947
2.06768
1.80337
1.59803
1.43414
1.4041
1.55678
1.74471
1.98058
2.28305
2.67941
3.20683
3.90128
4.731
5.4101
5.4101
4.731
3.90128
3.20683
2.67941
2.28305
1.98058
1.74471
1.55678
1.4041
1.36239
1.50049
1.66655
1.86838
2.11577
2.41947
2.78663
3.20683
3.62225
3.90128
3.90128
3.62225
3.20683
2.78663
2.41947
2.11577
1.86838
1.66655
1.50049
1.36239
1.31214
1.43414
1.577
1.74471
1.94096
2.16738
2.41947
2.67941
2.90784
3.04639
3.04639
2.90784
2.67941
2.41947
2.16738
1.94096
1.74471
1.577
1.43414
1.31214
1.25652
1.36239
1.48304
1.61992
1.77331
1.94096
2.11577
2.28305
2.41947
2.49754
2.49754
2.41947
2.28305
2.11577
1.94096
1.77331
1.61992
1.48304
1.36239
1.25652
1.19827
1.28902
1.38977
1.50049
1.61992
1.74471
1.86838
1.98058
2.06768
2.11577
2.11577
2.06768
1.98058
1.86838
1.74471
1.61992
1.50049
1.38977
1.28902
1.19827
1.13958
1.21678
1.30043
1.38977
1.48304
1.577
1.66655
1.74471
1.80337
1.83501
1.83501
1.80337
1.74471
1.66655
1.577
1.48304
1.38977
1.30043
1.21678
1.13958
1.08202
1.14744
1.21678
1.28902
1.36239
1.43414
1.50049
1.55678
1.59803
1.61992
1.61992
1.59803
1.55678
1.50049
1.43414
1.36239
1.28902
1.21678
1.14744
1.08202
1.02665
1.08202
1.13958
1.19827
1.25652
1.31214
1.36239
1.4041
1.43414
1.4499
1.4499
1.43414
1.4041
1.36239
1.31214
1.25652
1.19827
1.13958
1.08202
1.02665
)
;

boundaryField
{
    movingWall
    {
        type            zeroGradient;
    }
    fixedWalls
    {
        type            zeroGradient;
    }
    frontAndBack
    {
        type            empty;
    }
}


// ************************************************************************* //
