/*--------------------------------*- C++ -*----------------------------------*\
| =========                 |                                                 |
| \\      /  F ield         | OpenFOAM: The Open Source CFD Toolbox           |
|  \\    /   O peration     | Version:  4.1                                   |
|   \\  /    A nd           | Web:      www.OpenFOAM.org                      |
|    \\/     M anipulation  |                                                 |
\*---------------------------------------------------------------------------*/
FoamFile
{
    version     2.0;
    format      ascii;
    class       volScalarField;
    location    "0.4";
    object      p;
}
// * * * * * * * * * * * * * * * * * * * * * * * * * * * * * * * * * * * * * //

dimensions      [0 2 -2 0 0 0 0];

internalField   nonuniform List<scalar> 
400
(
0.603452
0.635996
0.669826
0.704325
0.738563
0.771258
0.800791
0.82531
0.842966
0.85223
0.85223
0.842966
0.82531
0.800791
0.771258
0.738563
0.704325
0.669826
0.635996
0.603452
0.635996
0.674446
0.715203
0.757667
0.800791
0.842966
0.881968
0.915053
0.939297
0.952165
0.952165
0.939297
0.915053
0.881968
0.842966
0.800791
0.757667
0.715203
0.674446
0.635996
0.669826
0.715203
0.764372
0.816889
0.871712
0.926937
0.979571
1.02551
1.05999
1.07859
1.07859
1.05999
1.02551
0.979571
0.926937
0.871712
0.816889
0.764372
0.715203
0.669826
0.704325
0.757667
0.816889
0.881968
0.952165
1.02551
1.0982
1.16415
1.21535
1.24362
1.24362
1.21535
1.16415
1.0982
1.02551
0.952165
0.881968
0.816889
0.757667
0.704325
0.738563
0.800791
0.871712
0.952165
1.04233
1.14087
1.24362
1.34194
1.42213
1.46802
1.46802
1.42213
1.34194
1.24362
1.14087
1.04233
0.952165
0.871712
0.800791
0.738563
0.771258
0.842966
0.926937
1.02551
1.14087
1.27395
1.42213
1.57492
1.70919
1.79062
1.79062
1.70919
1.57492
1.42213
1.27395
1.14087
1.02551
0.926937
0.842966
0.771258
0.800791
0.881968
0.979571
1.0982
1.24362
1.42213
1.63794
1.88493
2.1291
2.29312
2.29312
2.1291
1.88493
1.63794
1.42213
1.24362
1.0982
0.979571
0.881968
0.800791
0.82531
0.915053
1.02551
1.16415
1.34194
1.57492
1.88493
2.29312
2.78081
3.17998
3.17998
2.78081
2.29312
1.88493
1.57492
1.34194
1.16415
1.02551
0.915053
0.82531
0.842966
0.939297
1.05999
1.21535
1.42213
1.70919
2.1291
2.78081
3.82186
5.12756
5.12756
3.82186
2.78081
2.1291
1.70919
1.42213
1.21535
1.05999
0.939297
0.842966
0.85223
0.952165
1.07859
1.24362
1.46802
1.79062
2.29312
3.17998
5.12756
11.4656
11.4656
5.12756
3.17998
2.29312
1.79062
1.46802
1.24362
1.07859
0.952165
0.85223
0.85223
0.952165
1.07859
1.24362
1.46802
1.79062
2.29312
3.17998
5.12756
11.4656
11.4656
5.12756
3.17998
2.29312
1.79062
1.46802
1.24362
1.07859
0.952165
0.85223
0.842966
0.939297
1.05999
1.21535
1.42213
1.70919
2.1291
2.78081
3.82186
5.12756
5.12756
3.82186
2.78081
2.1291
1.70919
1.42213
1.21535
1.05999
0.939297
0.842966
0.82531
0.915053
1.02551
1.16415
1.34194
1.57492
1.88493
2.29312
2.78081
3.17998
3.17998
2.78081
2.29312
1.88493
1.57492
1.34194
1.16415
1.02551
0.915053
0.82531
0.800791
0.881968
0.979571
1.0982
1.24362
1.42213
1.63794
1.88493
2.1291
2.29312
2.29312
2.1291
1.88493
1.63794
1.42213
1.24362
1.0982
0.979571
0.881968
0.800791
0.771258
0.842966
0.926937
1.02551
1.14087
1.27395
1.42213
1.57492
1.70919
1.79062
1.79062
1.70919
1.57492
1.42213
1.27395
1.14087
1.02551
0.926937
0.842966
0.771258
0.738563
0.800791
0.871712
0.952165
1.04233
1.14087
1.24362
1.34194
1.42213
1.46802
1.46802
1.42213
1.34194
1.24362
1.14087
1.04233
0.952165
0.871712
0.800791
0.738563
0.704325
0.757667
0.816889
0.881968
0.952165
1.02551
1.0982
1.16415
1.21535
1.24362
1.24362
1.21535
1.16415
1.0982
1.02551
0.952165
0.881968
0.816889
0.757667
0.704325
0.669826
0.715203
0.764372
0.816889
0.871712
0.926937
0.979571
1.02551
1.05999
1.07859
1.07859
1.05999
1.02551
0.979571
0.926937
0.871712
0.816889
0.764372
0.715203
0.669826
0.635996
0.674446
0.715203
0.757667
0.800791
0.842966
0.881968
0.915053
0.939297
0.952165
0.952165
0.939297
0.915053
0.881968
0.842966
0.800791
0.757667
0.715203
0.674446
0.635996
0.603452
0.635996
0.669826
0.704325
0.738563
0.771258
0.800791
0.82531
0.842966
0.85223
0.85223
0.842966
0.82531
0.800791
0.771258
0.738563
0.704325
0.669826
0.635996
0.603452
)
;

boundaryField
{
    movingWall
    {
        type            zeroGradient;
    }
    fixedWalls
    {
        type            zeroGradient;
    }
    frontAndBack
    {
        type            empty;
    }
}


// ************************************************************************* //
