/*--------------------------------*- C++ -*----------------------------------*\
| =========                 |                                                 |
| \\      /  F ield         | OpenFOAM: The Open Source CFD Toolbox           |
|  \\    /   O peration     | Version:  4.1                                   |
|   \\  /    A nd           | Web:      www.OpenFOAM.org                      |
|    \\/     M anipulation  |                                                 |
\*---------------------------------------------------------------------------*/
FoamFile
{
    version     2.0;
    format      ascii;
    class       volScalarField;
    location    "1";
    object      p;
}
// * * * * * * * * * * * * * * * * * * * * * * * * * * * * * * * * * * * * * //

dimensions      [0 2 -2 0 0 0 0];

internalField   nonuniform List<scalar> 
400
(
1.57224e-15
1.65704e-15
1.74518e-15
1.83506e-15
1.92427e-15
2.00945e-15
2.0864e-15
2.15028e-15
2.19628e-15
2.22042e-15
2.22042e-15
2.19628e-15
2.15028e-15
2.0864e-15
2.00945e-15
1.92427e-15
1.83506e-15
1.74518e-15
1.65704e-15
1.57224e-15
1.65704e-15
1.75721e-15
1.8634e-15
1.97404e-15
2.0864e-15
2.19628e-15
2.2979e-15
2.3841e-15
2.44726e-15
2.48079e-15
2.48079e-15
2.44726e-15
2.3841e-15
2.2979e-15
2.19628e-15
2.0864e-15
1.97404e-15
1.8634e-15
1.75721e-15
1.65704e-15
1.74518e-15
1.8634e-15
1.99151e-15
2.12834e-15
2.27118e-15
2.41506e-15
2.55219e-15
2.67189e-15
2.76173e-15
2.81018e-15
2.81018e-15
2.76173e-15
2.67189e-15
2.55219e-15
2.41506e-15
2.27118e-15
2.12834e-15
1.99151e-15
1.8634e-15
1.74518e-15
1.83506e-15
1.97404e-15
2.12834e-15
2.2979e-15
2.48079e-15
2.67189e-15
2.86128e-15
3.03311e-15
3.16649e-15
3.24014e-15
3.24014e-15
3.16649e-15
3.03311e-15
2.86128e-15
2.67189e-15
2.48079e-15
2.2979e-15
2.12834e-15
1.97404e-15
1.83506e-15
1.92427e-15
2.0864e-15
2.27118e-15
2.48079e-15
2.7157e-15
2.97244e-15
3.24014e-15
3.49633e-15
3.70525e-15
3.8248e-15
3.8248e-15
3.70525e-15
3.49633e-15
3.24014e-15
2.97244e-15
2.7157e-15
2.48079e-15
2.27118e-15
2.0864e-15
1.92427e-15
2.00945e-15
2.19628e-15
2.41506e-15
2.67189e-15
2.97244e-15
3.31918e-15
3.70525e-15
4.10332e-15
4.45315e-15
4.66532e-15
4.66532e-15
4.45315e-15
4.10332e-15
3.70525e-15
3.31918e-15
2.97244e-15
2.67189e-15
2.41506e-15
2.19628e-15
2.00945e-15
2.0864e-15
2.2979e-15
2.55219e-15
2.86128e-15
3.24014e-15
3.70525e-15
4.26752e-15
4.91103e-15
5.54721e-15
5.97453e-15
5.97453e-15
5.54721e-15
4.91103e-15
4.26752e-15
3.70525e-15
3.24014e-15
2.86128e-15
2.55219e-15
2.2979e-15
2.0864e-15
2.15028e-15
2.3841e-15
2.67189e-15
3.03311e-15
3.49633e-15
4.10332e-15
4.91103e-15
5.97453e-15
7.24518e-15
8.28518e-15
8.28518e-15
7.24518e-15
5.97453e-15
4.91103e-15
4.10332e-15
3.49633e-15
3.03311e-15
2.67189e-15
2.3841e-15
2.15028e-15
2.19628e-15
2.44726e-15
2.76173e-15
3.16649e-15
3.70525e-15
4.45315e-15
5.54721e-15
7.24518e-15
9.95755e-15
1.33595e-14
1.33595e-14
9.95755e-15
7.24518e-15
5.54721e-15
4.45315e-15
3.70525e-15
3.16649e-15
2.76173e-15
2.44726e-15
2.19628e-15
2.22042e-15
2.48079e-15
2.81018e-15
3.24014e-15
3.8248e-15
4.66532e-15
5.97453e-15
8.28518e-15
1.33595e-14
2.98727e-14
2.98727e-14
1.33595e-14
8.28518e-15
5.97453e-15
4.66532e-15
3.8248e-15
3.24014e-15
2.81018e-15
2.48079e-15
2.22042e-15
2.22042e-15
2.48079e-15
2.81018e-15
3.24014e-15
3.8248e-15
4.66532e-15
5.97453e-15
8.28518e-15
1.33595e-14
2.98727e-14
2.98727e-14
1.33595e-14
8.28518e-15
5.97453e-15
4.66532e-15
3.8248e-15
3.24014e-15
2.81018e-15
2.48079e-15
2.22042e-15
2.19628e-15
2.44726e-15
2.76173e-15
3.16649e-15
3.70525e-15
4.45315e-15
5.54721e-15
7.24518e-15
9.95755e-15
1.33595e-14
1.33595e-14
9.95755e-15
7.24518e-15
5.54721e-15
4.45315e-15
3.70525e-15
3.16649e-15
2.76173e-15
2.44726e-15
2.19628e-15
2.15028e-15
2.3841e-15
2.67189e-15
3.03311e-15
3.49633e-15
4.10332e-15
4.91103e-15
5.97453e-15
7.24518e-15
8.28518e-15
8.28518e-15
7.24518e-15
5.97453e-15
4.91103e-15
4.10332e-15
3.49633e-15
3.03311e-15
2.67189e-15
2.3841e-15
2.15028e-15
2.0864e-15
2.2979e-15
2.55219e-15
2.86128e-15
3.24014e-15
3.70525e-15
4.26752e-15
4.91103e-15
5.54721e-15
5.97453e-15
5.97453e-15
5.54721e-15
4.91103e-15
4.26752e-15
3.70525e-15
3.24014e-15
2.86128e-15
2.55219e-15
2.2979e-15
2.0864e-15
2.00945e-15
2.19628e-15
2.41506e-15
2.67189e-15
2.97244e-15
3.31918e-15
3.70525e-15
4.10332e-15
4.45315e-15
4.66532e-15
4.66532e-15
4.45315e-15
4.10332e-15
3.70525e-15
3.31918e-15
2.97244e-15
2.67189e-15
2.41506e-15
2.19628e-15
2.00945e-15
1.92427e-15
2.0864e-15
2.27118e-15
2.48079e-15
2.7157e-15
2.97244e-15
3.24014e-15
3.49633e-15
3.70525e-15
3.8248e-15
3.8248e-15
3.70525e-15
3.49633e-15
3.24014e-15
2.97244e-15
2.7157e-15
2.48079e-15
2.27118e-15
2.0864e-15
1.92427e-15
1.83506e-15
1.97404e-15
2.12834e-15
2.2979e-15
2.48079e-15
2.67189e-15
2.86128e-15
3.03311e-15
3.16649e-15
3.24014e-15
3.24014e-15
3.16649e-15
3.03311e-15
2.86128e-15
2.67189e-15
2.48079e-15
2.2979e-15
2.12834e-15
1.97404e-15
1.83506e-15
1.74518e-15
1.8634e-15
1.99151e-15
2.12834e-15
2.27118e-15
2.41506e-15
2.55219e-15
2.67189e-15
2.76173e-15
2.81018e-15
2.81018e-15
2.76173e-15
2.67189e-15
2.55219e-15
2.41506e-15
2.27118e-15
2.12834e-15
1.99151e-15
1.8634e-15
1.74518e-15
1.65704e-15
1.75721e-15
1.8634e-15
1.97404e-15
2.0864e-15
2.19628e-15
2.2979e-15
2.3841e-15
2.44726e-15
2.48079e-15
2.48079e-15
2.44726e-15
2.3841e-15
2.2979e-15
2.19628e-15
2.0864e-15
1.97404e-15
1.8634e-15
1.75721e-15
1.65704e-15
1.57224e-15
1.65704e-15
1.74518e-15
1.83506e-15
1.92427e-15
2.00945e-15
2.0864e-15
2.15028e-15
2.19628e-15
2.22042e-15
2.22042e-15
2.19628e-15
2.15028e-15
2.0864e-15
2.00945e-15
1.92427e-15
1.83506e-15
1.74518e-15
1.65704e-15
1.57224e-15
)
;

boundaryField
{
    movingWall
    {
        type            zeroGradient;
    }
    fixedWalls
    {
        type            zeroGradient;
    }
    frontAndBack
    {
        type            empty;
    }
}


// ************************************************************************* //
