/*--------------------------------*- C++ -*----------------------------------*\
| =========                 |                                                 |
| \\      /  F ield         | OpenFOAM: The Open Source CFD Toolbox           |
|  \\    /   O peration     | Version:  4.1                                   |
|   \\  /    A nd           | Web:      www.OpenFOAM.org                      |
|    \\/     M anipulation  |                                                 |
\*---------------------------------------------------------------------------*/
FoamFile
{
    version     2.0;
    format      ascii;
    class       volScalarField;
    location    "0.8";
    object      p;
}
// * * * * * * * * * * * * * * * * * * * * * * * * * * * * * * * * * * * * * //

dimensions      [0 2 -2 0 0 0 0];

internalField   nonuniform List<scalar> 
400
(
-0.976405
-1.02906
-1.0838
-1.13962
-1.19502
-1.24792
-1.29571
-1.33538
-1.36395
-1.37894
-1.37894
-1.36395
-1.33538
-1.29571
-1.24792
-1.19502
-1.13962
-1.0838
-1.02906
-0.976405
-1.02906
-1.09128
-1.15722
-1.22593
-1.29571
-1.36395
-1.42705
-1.48059
-1.51981
-1.54063
-1.54063
-1.51981
-1.48059
-1.42705
-1.36395
-1.29571
-1.22593
-1.15722
-1.09128
-1.02906
-1.0838
-1.15722
-1.23678
-1.32175
-1.41046
-1.49982
-1.58498
-1.65931
-1.71511
-1.7452
-1.7452
-1.71511
-1.65931
-1.58498
-1.49982
-1.41046
-1.32175
-1.23678
-1.15722
-1.0838
-1.13962
-1.22593
-1.32175
-1.42705
-1.54063
-1.65931
-1.77693
-1.88364
-1.96648
-2.01221
-2.01221
-1.96648
-1.88364
-1.77693
-1.65931
-1.54063
-1.42705
-1.32175
-1.22593
-1.13962
-1.19502
-1.29571
-1.41046
-1.54063
-1.68652
-1.84596
-2.01221
-2.17131
-2.30105
-2.3753
-2.3753
-2.30105
-2.17131
-2.01221
-1.84596
-1.68652
-1.54063
-1.41046
-1.29571
-1.19502
-1.24792
-1.36395
-1.49982
-1.65931
-1.84596
-2.0613
-2.30105
-2.54827
-2.76552
-2.89729
-2.89729
-2.76552
-2.54827
-2.30105
-2.0613
-1.84596
-1.65931
-1.49982
-1.36395
-1.24792
-1.29571
-1.42705
-1.58498
-1.77693
-2.01221
-2.30105
-2.65024
-3.04988
-3.44496
-3.71034
-3.71034
-3.44496
-3.04988
-2.65024
-2.30105
-2.01221
-1.77693
-1.58498
-1.42705
-1.29571
-1.33538
-1.48059
-1.65931
-1.88364
-2.17131
-2.54827
-3.04988
-3.71034
-4.49945
-5.14532
-5.14532
-4.49945
-3.71034
-3.04988
-2.54827
-2.17131
-1.88364
-1.65931
-1.48059
-1.33538
-1.36395
-1.51981
-1.71511
-1.96648
-2.30105
-2.76552
-3.44496
-4.49945
-6.1839
-8.29657
-8.29657
-6.1839
-4.49945
-3.44496
-2.76552
-2.30105
-1.96648
-1.71511
-1.51981
-1.36395
-1.37894
-1.54063
-1.7452
-2.01221
-2.3753
-2.89729
-3.71034
-5.14532
-8.29657
-18.5517
-18.5517
-8.29657
-5.14532
-3.71034
-2.89729
-2.3753
-2.01221
-1.7452
-1.54063
-1.37894
-1.37894
-1.54063
-1.7452
-2.01221
-2.3753
-2.89729
-3.71034
-5.14532
-8.29657
-18.5517
-18.5517
-8.29657
-5.14532
-3.71034
-2.89729
-2.3753
-2.01221
-1.7452
-1.54063
-1.37894
-1.36395
-1.51981
-1.71511
-1.96648
-2.30105
-2.76552
-3.44496
-4.49945
-6.1839
-8.29657
-8.29657
-6.1839
-4.49945
-3.44496
-2.76552
-2.30105
-1.96648
-1.71511
-1.51981
-1.36395
-1.33538
-1.48059
-1.65931
-1.88364
-2.17131
-2.54827
-3.04988
-3.71034
-4.49945
-5.14532
-5.14532
-4.49945
-3.71034
-3.04988
-2.54827
-2.17131
-1.88364
-1.65931
-1.48059
-1.33538
-1.29571
-1.42705
-1.58498
-1.77693
-2.01221
-2.30105
-2.65024
-3.04988
-3.44496
-3.71034
-3.71034
-3.44496
-3.04988
-2.65024
-2.30105
-2.01221
-1.77693
-1.58498
-1.42705
-1.29571
-1.24792
-1.36395
-1.49982
-1.65931
-1.84596
-2.0613
-2.30105
-2.54827
-2.76552
-2.89729
-2.89729
-2.76552
-2.54827
-2.30105
-2.0613
-1.84596
-1.65931
-1.49982
-1.36395
-1.24792
-1.19502
-1.29571
-1.41046
-1.54063
-1.68652
-1.84596
-2.01221
-2.17131
-2.30105
-2.3753
-2.3753
-2.30105
-2.17131
-2.01221
-1.84596
-1.68652
-1.54063
-1.41046
-1.29571
-1.19502
-1.13962
-1.22593
-1.32175
-1.42705
-1.54063
-1.65931
-1.77693
-1.88364
-1.96648
-2.01221
-2.01221
-1.96648
-1.88364
-1.77693
-1.65931
-1.54063
-1.42705
-1.32175
-1.22593
-1.13962
-1.0838
-1.15722
-1.23678
-1.32175
-1.41046
-1.49982
-1.58498
-1.65931
-1.71511
-1.7452
-1.7452
-1.71511
-1.65931
-1.58498
-1.49982
-1.41046
-1.32175
-1.23678
-1.15722
-1.0838
-1.02906
-1.09128
-1.15722
-1.22593
-1.29571
-1.36395
-1.42705
-1.48059
-1.51981
-1.54063
-1.54063
-1.51981
-1.48059
-1.42705
-1.36395
-1.29571
-1.22593
-1.15722
-1.09128
-1.02906
-0.976405
-1.02906
-1.0838
-1.13962
-1.19502
-1.24792
-1.29571
-1.33538
-1.36395
-1.37894
-1.37894
-1.36395
-1.33538
-1.29571
-1.24792
-1.19502
-1.13962
-1.0838
-1.02906
-0.976405
)
;

boundaryField
{
    movingWall
    {
        type            zeroGradient;
    }
    fixedWalls
    {
        type            zeroGradient;
    }
    frontAndBack
    {
        type            empty;
    }
}


// ************************************************************************* //
